 60 164 
 1 1 2 2 2 2 2 2 2 2 2 2 
 2 2 2 2 2 3 3 3 3 3 3 3 
 3 3 3 3 3 3 3 3 3 3 3 3 
 3 3 3 3 3 3 3 3 3 3 4 4 
 4 4 4 4 4 4 4 4 4 4 4 4 
 4 4 4 4 4 4 4 4 4 4 4 4 
 4 4 4 4 4 4 4 5 5 5 5 5 
 5 5 5 5 5 5 5 5 5 5 5 5 
 5 5 5 5 5 5 5 5 5 5 5 5 
 5 5 5 5 5 5 5 5 5 5 5 5 
 5 5 5 5 5 6 6 6 6 6 6 6 
 6 6 6 6 6 6 6 6 6 6 6 6 
 6 6 6 6 6 6 6 6 6 6 6 6 
 6 6 6 6 6 6 8 9 
 21 
 21 26 42 47 49 51 52 62 64 67 69 72 
 75 79 85 89 115 116 123 138 164 
 51 
 3 18 19 20 27 30 32 33 35 36 37 39 
 41 43 44 45 46 48 50 53 55 57 58 60 
 61 65 66 68 74 77 78 81 82 83 87 88 
 91 95 107 118 120 121 129 131 132 134 135 148 
 151 156 163 
 16 
 1 22 23 24 25 93 97 106 108 110 112 113 
 133 139 149 150 
 31 
 2 4 5 6 7 8 9 10 28 29 31 34 
 54 56 59 63 80 84 86 90 92 94 96 126 
 136 137 141 142 143 145 162 
 15 
 38 98 99 100 101 102 103 104 105 127 128 130 
 153 157 160 
 30 
 11 12 13 14 15 16 17 40 70 71 73 76 
 109 111 114 117 119 122 124 125 140 144 146 147 
 152 154 155 158 159 161 
 26 
 27 30 32 33 35 36 37 39 41 48 50 53 
 55 57 58 60 61 77 78 82 83 88 95 120 
 121 163 
 21 
 21 26 42 47 49 51 52 62 64 67 69 72 
 75 79 85 89 115 116 123 138 164 
 45 
 2 3 4 5 6 7 11 12 13 14 28 29 
 31 40 43 44 45 46 54 56 59 65 66 68 
 70 71 73 80 84 86 91 107 109 111 114 117 
 118 126 135 140 144 146 147 156 162 
 16 
 1 22 23 24 25 93 97 106 108 110 112 113 
 133 139 149 150 
 41 
 8 9 10 15 16 17 18 19 20 34 63 74 
 76 81 87 90 92 94 96 119 122 124 125 129 
 131 132 134 136 137 141 142 143 145 148 151 152 
 154 155 158 159 161 
 15 
 38 98 99 100 101 102 103 104 105 127 128 130 
 153 157 160 
 11 
 21 26 42 67 69 85 115 116 123 138 164 
 26 
 27 30 32 33 35 36 37 39 41 48 50 53 
 55 57 58 60 61 77 78 82 83 88 95 120 
 121 163 
 21 
 1 22 23 24 38 47 49 72 75 79 93 97 
 98 99 100 101 106 133 153 157 160 
 45 
 2 3 4 5 6 7 11 12 13 14 28 29 
 31 40 43 44 45 46 54 56 59 65 66 68 
 70 71 73 80 84 86 91 107 109 111 114 117 
 118 126 135 140 144 146 147 156 162 
 20 
 25 51 52 62 64 89 102 103 104 105 108 110 
 112 113 127 128 130 139 149 150 
 41 
 8 9 10 15 16 17 18 19 20 34 63 74 
 76 81 87 90 92 94 96 119 122 124 125 129 
 131 132 134 136 137 141 142 143 145 148 151 152 
 154 155 158 159 161 
 13 
 27 30 32 33 35 36 37 39 48 50 77 78 
 163 
 11 
 21 26 42 67 69 85 115 116 123 138 164 
 52 
 2 3 4 5 8 9 11 12 15 16 18 19 
 28 29 34 40 41 43 44 53 54 55 56 57 
 63 65 66 70 71 74 76 80 81 88 90 91 
 92 95 107 109 111 119 121 122 136 137 140 148 
 151 152 154 155 
 21 
 1 22 23 24 38 47 49 72 75 79 93 97 
 98 99 100 101 106 133 153 157 160 
 47 
 6 7 10 13 14 17 20 31 45 46 58 59 
 60 61 68 73 82 83 84 86 87 94 96 114 
 117 118 120 124 125 126 129 131 132 134 135 141 
 142 143 144 145 146 147 156 158 159 161 162 
 20 
 25 51 52 62 64 89 102 103 104 105 108 110 
 112 113 127 128 130 139 149 150 
 6 
 21 26 42 67 85 164 
 13 
 27 30 32 33 35 36 37 39 48 50 77 78 
 163 
 24 
 1 22 23 25 38 51 52 69 72 75 79 93 
 98 99 102 103 108 110 115 116 127 128 139 153 
 52 
 2 3 4 5 8 9 11 12 15 16 18 19 
 28 29 34 40 41 43 44 53 54 55 56 57 
 63 65 66 70 71 74 76 80 81 88 90 91 
 92 95 107 109 111 119 121 122 136 137 140 148 
 151 152 154 155 
 22 
 24 47 49 62 64 89 97 100 101 104 105 106 
 112 113 123 130 133 138 149 150 157 160 
 47 
 6 7 10 13 14 17 20 31 45 46 58 59 
 60 61 68 73 82 83 84 86 87 94 96 114 
 117 118 120 124 125 126 129 131 132 134 135 141 
 142 143 144 145 146 147 156 158 159 161 162 
 6 
 27 30 32 33 77 163 
 6 
 21 26 42 67 85 164 
 56 
 2 3 4 6 8 10 11 13 15 17 18 20 
 28 31 34 35 36 40 41 43 45 48 53 54 
 58 59 60 63 65 68 70 73 74 76 78 81 
 84 88 90 91 94 109 114 118 119 120 121 124 
 129 131 141 142 144 152 158 159 
 24 
 1 22 23 25 38 51 52 69 72 75 79 93 
 98 99 102 103 108 110 115 116 127 128 139 153 
 50 
 5 7 9 12 14 16 19 29 37 39 44 46 
 50 55 56 57 61 66 71 80 82 83 86 87 
 92 95 96 107 111 117 122 125 126 132 134 135 
 136 137 140 143 145 146 147 148 151 154 155 156 
 161 162 
 22 
 24 47 49 62 64 89 97 100 101 104 105 106 
 112 113 123 130 133 138 149 150 157 160 
 3 
 42 67 164 
 6 
 27 30 32 33 77 163 
 25 
 1 21 22 24 25 38 47 51 62 69 72 75 
 97 98 100 102 104 108 112 115 123 127 130 149 
 157 
 56 
 2 3 4 6 8 10 11 13 15 17 18 20 
 28 31 34 35 36 40 41 43 45 48 53 54 
 58 59 60 63 65 68 70 73 74 76 78 81 
 84 88 90 91 94 109 114 118 119 120 121 124 
 129 131 141 142 144 152 158 159 
 24 
 23 26 49 52 64 79 85 89 93 99 101 103 
 105 106 110 113 116 128 133 138 139 150 153 160 
 50 
 5 7 9 12 14 16 19 29 37 39 44 46 
 50 55 56 57 61 66 71 80 82 83 86 87 
 92 95 96 107 111 117 122 125 126 132 134 135 
 136 137 140 143 145 146 147 148 151 154 155 156 
 161 162 
 3 
 27 30 163 
 3 
 42 67 164 
 57 
 2 3 4 7 9 10 11 14 16 17 19 20 
 29 31 32 34 35 37 40 41 43 46 50 55 
 56 58 59 61 63 66 68 71 73 74 76 78 
 81 86 92 94 95 107 111 114 118 119 120 121 
 125 132 134 143 145 146 154 158 161 
 25 
 1 21 22 24 25 38 47 51 62 69 72 75 
 97 98 100 102 104 108 112 115 123 127 130 149 
 157 
 52 
 5 6 8 12 13 15 18 28 33 36 39 44 
 45 48 53 54 57 60 65 70 77 80 82 83 
 84 87 88 90 91 96 109 117 122 124 126 129 
 131 135 136 137 140 141 142 144 147 148 151 152 
 155 156 159 162 
 24 
 23 26 49 52 64 79 85 89 93 99 101 103 
 105 106 110 113 116 128 133 138 139 150 153 160 
 1 
 42 
 3 
 27 30 163 
 26 
 1 23 24 25 26 38 47 51 64 69 72 79 
 99 100 102 105 106 110 112 116 123 128 130 150 
 160 164 
 57 
 2 3 4 7 9 10 11 14 16 17 19 20 
 29 31 32 34 35 37 40 41 43 46 50 55 
 56 58 59 61 63 66 68 71 73 74 76 78 
 81 86 92 94 95 107 111 114 118 119 120 121 
 125 132 134 143 145 146 154 158 161 
 25 
 21 22 49 52 62 67 75 85 89 93 97 98 
 101 103 104 108 113 115 127 133 138 139 149 153 
 157 
 52 
 5 6 8 12 13 15 18 28 33 36 39 44 
 45 48 53 54 57 60 65 70 77 80 82 83 
 84 87 88 90 91 96 109 117 122 124 126 129 
 131 135 136 137 140 141 142 144 147 148 151 152 
 155 156 159 162 
 1 
 27 
 1 
 42 
 51 
 2 3 11 12 13 14 15 16 17 28 29 31 
 33 34 36 37 53 55 58 65 66 68 70 71 
 73 74 76 78 80 82 84 86 87 90 92 94 
 96 121 129 132 136 141 143 147 148 155 156 159 
 161 162 163 
 26 
 1 23 24 25 26 38 47 51 64 69 72 79 
 99 100 102 105 106 110 112 116 123 128 130 150 
 160 164 
 60 
 4 5 6 7 8 9 10 18 19 20 30 32 
 35 39 40 41 43 44 45 46 48 50 54 56 
 57 59 60 61 63 77 81 83 88 91 95 107 
 109 111 114 117 118 119 120 122 124 125 126 131 
 134 135 137 140 142 144 145 146 151 152 154 158 
 25 
 21 22 49 52 62 67 75 85 89 93 97 98 
 101 103 104 108 113 115 127 133 138 139 149 153 
 157