CUSTO: [1 1 2 2 2 2 2 2 2 2 2 2 2 2 2 2 2 3 3 3 3 3 3 3 3 3 3 3 3 3 3 3 3 3 3 3 3 3 3 3 3 3 3 3 3 3 4 4 4 4 4 4 4 4 4 4 4 4 4 4 4 4 4 4 4 4 4 4 4 4 4 4 4 4 4 4 4 4 4 5 5 5 5 5 5 5 5 5 5 5 5 5 5 5 5 5 5 5 5 5 5 5 5 5 5 5 5 5 5 5 5 5 5 5 5 5 5 5 5 5 5 5 5 5 5 6 6 6 6 6 6 6 6 6 6 6 6 6 6 6 6 6 6 6 6 6 6 6 6 6 6 6 6 6 6 6 6 6 6 6 6 6 8 9 ]

MATCOB: [
(1 21) 1 (1 26) 1 (1 42) 1 (1 47) 1 (1 49) 1 (1 51) 1 (1 52) 1 (1 62) 1 (1 64) 1 (1 67) 1 (1 69) 1 (1 72) 1 (1 75) 1 (1 79) 1 (1 85) 1 (1 89) 1 (1 115) 1 (1 116) 1 (1 123) 1 (1 138) 1 (1 164) 1 
(2 3) 1 (2 18) 1 (2 19) 1 (2 20) 1 (2 27) 1 (2 30) 1 (2 32) 1 (2 33) 1 (2 35) 1 (2 36) 1 (2 37) 1 (2 39) 1 (2 41) 1 (2 43) 1 (2 44) 1 (2 45) 1 (2 46) 1 (2 48) 1 (2 50) 1 (2 53) 1 (2 55) 1 (2 57) 1 (2 58) 1 (2 60) 1 (2 61) 1 (2 65) 1 (2 66) 1 (2 68) 1 (2 74) 1 (2 77) 1 (2 78) 1 (2 81) 1 (2 82) 1 (2 83) 1 (2 87) 1 (2 88) 1 (2 91) 1 (2 95) 1 (2 107) 1 (2 118) 1 (2 120) 1 (2 121) 1 (2 129) 1 (2 131) 1 (2 132) 1 (2 134) 1 (2 135) 1 (2 148) 1 (2 151) 1 (2 156) 1 (2 163) 1 
(3 1) 1 (3 22) 1 (3 23) 1 (3 24) 1 (3 25) 1 (3 93) 1 (3 97) 1 (3 106) 1 (3 108) 1 (3 110) 1 (3 112) 1 (3 113) 1 (3 133) 1 (3 139) 1 (3 149) 1 (3 150) 1 
(4 2) 1 (4 4) 1 (4 5) 1 (4 6) 1 (4 7) 1 (4 8) 1 (4 9) 1 (4 10) 1 (4 28) 1 (4 29) 1 (4 31) 1 (4 34) 1 (4 54) 1 (4 56) 1 (4 59) 1 (4 63) 1 (4 80) 1 (4 84) 1 (4 86) 1 (4 90) 1 (4 92) 1 (4 94) 1 (4 96) 1 (4 126) 1 (4 136) 1 (4 137) 1 (4 141) 1 (4 142) 1 (4 143) 1 (4 145) 1 (4 162) 1 
(5 38) 1 (5 98) 1 (5 99) 1 (5 100) 1 (5 101) 1 (5 102) 1 (5 103) 1 (5 104) 1 (5 105) 1 (5 127) 1 (5 128) 1 (5 130) 1 (5 153) 1 (5 157) 1 (5 160) 1 
(6 11) 1 (6 12) 1 (6 13) 1 (6 14) 1 (6 15) 1 (6 16) 1 (6 17) 1 (6 40) 1 (6 70) 1 (6 71) 1 (6 73) 1 (6 76) 1 (6 109) 1 (6 111) 1 (6 114) 1 (6 117) 1 (6 119) 1 (6 122) 1 (6 124) 1 (6 125) 1 (6 140) 1 (6 144) 1 (6 146) 1 (6 147) 1 (6 152) 1 (6 154) 1 (6 155) 1 (6 158) 1 (6 159) 1 (6 161) 1 
(7 27) 1 (7 30) 1 (7 32) 1 (7 33) 1 (7 35) 1 (7 36) 1 (7 37) 1 (7 39) 1 (7 41) 1 (7 48) 1 (7 50) 1 (7 53) 1 (7 55) 1 (7 57) 1 (7 58) 1 (7 60) 1 (7 61) 1 (7 77) 1 (7 78) 1 (7 82) 1 (7 83) 1 (7 88) 1 (7 95) 1 (7 120) 1 (7 121) 1 (7 163) 1 
(8 21) 1 (8 26) 1 (8 42) 1 (8 47) 1 (8 49) 1 (8 51) 1 (8 52) 1 (8 62) 1 (8 64) 1 (8 67) 1 (8 69) 1 (8 72) 1 (8 75) 1 (8 79) 1 (8 85) 1 (8 89) 1 (8 115) 1 (8 116) 1 (8 123) 1 (8 138) 1 (8 164) 1 
(9 2) 1 (9 3) 1 (9 4) 1 (9 5) 1 (9 6) 1 (9 7) 1 (9 11) 1 (9 12) 1 (9 13) 1 (9 14) 1 (9 28) 1 (9 29) 1 (9 31) 1 (9 40) 1 (9 43) 1 (9 44) 1 (9 45) 1 (9 46) 1 (9 54) 1 (9 56) 1 (9 59) 1 (9 65) 1 (9 66) 1 (9 68) 1 (9 70) 1 (9 71) 1 (9 73) 1 (9 80) 1 (9 84) 1 (9 86) 1 (9 91) 1 (9 107) 1 (9 109) 1 (9 111) 1 (9 114) 1 (9 117) 1 (9 118) 1 (9 126) 1 (9 135) 1 (9 140) 1 (9 144) 1 (9 146) 1 (9 147) 1 (9 156) 1 (9 162) 1 
(10 1) 1 (10 22) 1 (10 23) 1 (10 24) 1 (10 25) 1 (10 93) 1 (10 97) 1 (10 106) 1 (10 108) 1 (10 110) 1 (10 112) 1 (10 113) 1 (10 133) 1 (10 139) 1 (10 149) 1 (10 150) 1 
(11 8) 1 (11 9) 1 (11 10) 1 (11 15) 1 (11 16) 1 (11 17) 1 (11 18) 1 (11 19) 1 (11 20) 1 (11 34) 1 (11 63) 1 (11 74) 1 (11 76) 1 (11 81) 1 (11 87) 1 (11 90) 1 (11 92) 1 (11 94) 1 (11 96) 1 (11 119) 1 (11 122) 1 (11 124) 1 (11 125) 1 (11 129) 1 (11 131) 1 (11 132) 1 (11 134) 1 (11 136) 1 (11 137) 1 (11 141) 1 (11 142) 1 (11 143) 1 (11 145) 1 (11 148) 1 (11 151) 1 (11 152) 1 (11 154) 1 (11 155) 1 (11 158) 1 (11 159) 1 (11 161) 1 
(12 38) 1 (12 98) 1 (12 99) 1 (12 100) 1 (12 101) 1 (12 102) 1 (12 103) 1 (12 104) 1 (12 105) 1 (12 127) 1 (12 128) 1 (12 130) 1 (12 153) 1 (12 157) 1 (12 160) 1 
(13 21) 1 (13 26) 1 (13 42) 1 (13 67) 1 (13 69) 1 (13 85) 1 (13 115) 1 (13 116) 1 (13 123) 1 (13 138) 1 (13 164) 1 
(14 27) 1 (14 30) 1 (14 32) 1 (14 33) 1 (14 35) 1 (14 36) 1 (14 37) 1 (14 39) 1 (14 41) 1 (14 48) 1 (14 50) 1 (14 53) 1 (14 55) 1 (14 57) 1 (14 58) 1 (14 60) 1 (14 61) 1 (14 77) 1 (14 78) 1 (14 82) 1 (14 83) 1 (14 88) 1 (14 95) 1 (14 120) 1 (14 121) 1 (14 163) 1 
(15 1) 1 (15 22) 1 (15 23) 1 (15 24) 1 (15 38) 1 (15 47) 1 (15 49) 1 (15 72) 1 (15 75) 1 (15 79) 1 (15 93) 1 (15 97) 1 (15 98) 1 (15 99) 1 (15 100) 1 (15 101) 1 (15 106) 1 (15 133) 1 (15 153) 1 (15 157) 1 (15 160) 1 
(16 2) 1 (16 3) 1 (16 4) 1 (16 5) 1 (16 6) 1 (16 7) 1 (16 11) 1 (16 12) 1 (16 13) 1 (16 14) 1 (16 28) 1 (16 29) 1 (16 31) 1 (16 40) 1 (16 43) 1 (16 44) 1 (16 45) 1 (16 46) 1 (16 54) 1 (16 56) 1 (16 59) 1 (16 65) 1 (16 66) 1 (16 68) 1 (16 70) 1 (16 71) 1 (16 73) 1 (16 80) 1 (16 84) 1 (16 86) 1 (16 91) 1 (16 107) 1 (16 109) 1 (16 111) 1 (16 114) 1 (16 117) 1 (16 118) 1 (16 126) 1 (16 135) 1 (16 140) 1 (16 144) 1 (16 146) 1 (16 147) 1 (16 156) 1 (16 162) 1 
(17 25) 1 (17 51) 1 (17 52) 1 (17 62) 1 (17 64) 1 (17 89) 1 (17 102) 1 (17 103) 1 (17 104) 1 (17 105) 1 (17 108) 1 (17 110) 1 (17 112) 1 (17 113) 1 (17 127) 1 (17 128) 1 (17 130) 1 (17 139) 1 (17 149) 1 (17 150) 1 
(18 8) 1 (18 9) 1 (18 10) 1 (18 15) 1 (18 16) 1 (18 17) 1 (18 18) 1 (18 19) 1 (18 20) 1 (18 34) 1 (18 63) 1 (18 74) 1 (18 76) 1 (18 81) 1 (18 87) 1 (18 90) 1 (18 92) 1 (18 94) 1 (18 96) 1 (18 119) 1 (18 122) 1 (18 124) 1 (18 125) 1 (18 129) 1 (18 131) 1 (18 132) 1 (18 134) 1 (18 136) 1 (18 137) 1 (18 141) 1 (18 142) 1 (18 143) 1 (18 145) 1 (18 148) 1 (18 151) 1 (18 152) 1 (18 154) 1 (18 155) 1 (18 158) 1 (18 159) 1 (18 161) 1 
(19 27) 1 (19 30) 1 (19 32) 1 (19 33) 1 (19 35) 1 (19 36) 1 (19 37) 1 (19 39) 1 (19 48) 1 (19 50) 1 (19 77) 1 (19 78) 1 (19 163) 1 
(20 21) 1 (20 26) 1 (20 42) 1 (20 67) 1 (20 69) 1 (20 85) 1 (20 115) 1 (20 116) 1 (20 123) 1 (20 138) 1 (20 164) 1 
(21 2) 1 (21 3) 1 (21 4) 1 (21 5) 1 (21 8) 1 (21 9) 1 (21 11) 1 (21 12) 1 (21 15) 1 (21 16) 1 (21 18) 1 (21 19) 1 (21 28) 1 (21 29) 1 (21 34) 1 (21 40) 1 (21 41) 1 (21 43) 1 (21 44) 1 (21 53) 1 (21 54) 1 (21 55) 1 (21 56) 1 (21 57) 1 (21 63) 1 (21 65) 1 (21 66) 1 (21 70) 1 (21 71) 1 (21 74) 1 (21 76) 1 (21 80) 1 (21 81) 1 (21 88) 1 (21 90) 1 (21 91) 1 (21 92) 1 (21 95) 1 (21 107) 1 (21 109) 1 (21 111) 1 (21 119) 1 (21 121) 1 (21 122) 1 (21 136) 1 (21 137) 1 (21 140) 1 (21 148) 1 (21 151) 1 (21 152) 1 (21 154) 1 (21 155) 1 
(22 1) 1 (22 22) 1 (22 23) 1 (22 24) 1 (22 38) 1 (22 47) 1 (22 49) 1 (22 72) 1 (22 75) 1 (22 79) 1 (22 93) 1 (22 97) 1 (22 98) 1 (22 99) 1 (22 100) 1 (22 101) 1 (22 106) 1 (22 133) 1 (22 153) 1 (22 157) 1 (22 160) 1 
(23 6) 1 (23 7) 1 (23 10) 1 (23 13) 1 (23 14) 1 (23 17) 1 (23 20) 1 (23 31) 1 (23 45) 1 (23 46) 1 (23 58) 1 (23 59) 1 (23 60) 1 (23 61) 1 (23 68) 1 (23 73) 1 (23 82) 1 (23 83) 1 (23 84) 1 (23 86) 1 (23 87) 1 (23 94) 1 (23 96) 1 (23 114) 1 (23 117) 1 (23 118) 1 (23 120) 1 (23 124) 1 (23 125) 1 (23 126) 1 (23 129) 1 (23 131) 1 (23 132) 1 (23 134) 1 (23 135) 1 (23 141) 1 (23 142) 1 (23 143) 1 (23 144) 1 (23 145) 1 (23 146) 1 (23 147) 1 (23 156) 1 (23 158) 1 (23 159) 1 (23 161) 1 (23 162) 1 
(24 25) 1 (24 51) 1 (24 52) 1 (24 62) 1 (24 64) 1 (24 89) 1 (24 102) 1 (24 103) 1 (24 104) 1 (24 105) 1 (24 108) 1 (24 110) 1 (24 112) 1 (24 113) 1 (24 127) 1 (24 128) 1 (24 130) 1 (24 139) 1 (24 149) 1 (24 150) 1 
(25 21) 1 (25 26) 1 (25 42) 1 (25 67) 1 (25 85) 1 (25 164) 1 
(26 27) 1 (26 30) 1 (26 32) 1 (26 33) 1 (26 35) 1 (26 36) 1 (26 37) 1 (26 39) 1 (26 48) 1 (26 50) 1 (26 77) 1 (26 78) 1 (26 163) 1 
(27 1) 1 (27 22) 1 (27 23) 1 (27 25) 1 (27 38) 1 (27 51) 1 (27 52) 1 (27 69) 1 (27 72) 1 (27 75) 1 (27 79) 1 (27 93) 1 (27 98) 1 (27 99) 1 (27 102) 1 (27 103) 1 (27 108) 1 (27 110) 1 (27 115) 1 (27 116) 1 (27 127) 1 (27 128) 1 (27 139) 1 (27 153) 1 
(28 2) 1 (28 3) 1 (28 4) 1 (28 5) 1 (28 8) 1 (28 9) 1 (28 11) 1 (28 12) 1 (28 15) 1 (28 16) 1 (28 18) 1 (28 19) 1 (28 28) 1 (28 29) 1 (28 34) 1 (28 40) 1 (28 41) 1 (28 43) 1 (28 44) 1 (28 53) 1 (28 54) 1 (28 55) 1 (28 56) 1 (28 57) 1 (28 63) 1 (28 65) 1 (28 66) 1 (28 70) 1 (28 71) 1 (28 74) 1 (28 76) 1 (28 80) 1 (28 81) 1 (28 88) 1 (28 90) 1 (28 91) 1 (28 92) 1 (28 95) 1 (28 107) 1 (28 109) 1 (28 111) 1 (28 119) 1 (28 121) 1 (28 122) 1 (28 136) 1 (28 137) 1 (28 140) 1 (28 148) 1 (28 151) 1 (28 152) 1 (28 154) 1 (28 155) 1 
(29 24) 1 (29 47) 1 (29 49) 1 (29 62) 1 (29 64) 1 (29 89) 1 (29 97) 1 (29 100) 1 (29 101) 1 (29 104) 1 (29 105) 1 (29 106) 1 (29 112) 1 (29 113) 1 (29 123) 1 (29 130) 1 (29 133) 1 (29 138) 1 (29 149) 1 (29 150) 1 (29 157) 1 (29 160) 1 
(30 6) 1 (30 7) 1 (30 10) 1 (30 13) 1 (30 14) 1 (30 17) 1 (30 20) 1 (30 31) 1 (30 45) 1 (30 46) 1 (30 58) 1 (30 59) 1 (30 60) 1 (30 61) 1 (30 68) 1 (30 73) 1 (30 82) 1 (30 83) 1 (30 84) 1 (30 86) 1 (30 87) 1 (30 94) 1 (30 96) 1 (30 114) 1 (30 117) 1 (30 118) 1 (30 120) 1 (30 124) 1 (30 125) 1 (30 126) 1 (30 129) 1 (30 131) 1 (30 132) 1 (30 134) 1 (30 135) 1 (30 141) 1 (30 142) 1 (30 143) 1 (30 144) 1 (30 145) 1 (30 146) 1 (30 147) 1 (30 156) 1 (30 158) 1 (30 159) 1 (30 161) 1 (30 162) 1 
(31 27) 1 (31 30) 1 (31 32) 1 (31 33) 1 (31 77) 1 (31 163) 1 
(32 21) 1 (32 26) 1 (32 42) 1 (32 67) 1 (32 85) 1 (32 164) 1 
(33 2) 1 (33 3) 1 (33 4) 1 (33 6) 1 (33 8) 1 (33 10) 1 (33 11) 1 (33 13) 1 (33 15) 1 (33 17) 1 (33 18) 1 (33 20) 1 (33 28) 1 (33 31) 1 (33 34) 1 (33 35) 1 (33 36) 1 (33 40) 1 (33 41) 1 (33 43) 1 (33 45) 1 (33 48) 1 (33 53) 1 (33 54) 1 (33 58) 1 (33 59) 1 (33 60) 1 (33 63) 1 (33 65) 1 (33 68) 1 (33 70) 1 (33 73) 1 (33 74) 1 (33 76) 1 (33 78) 1 (33 81) 1 (33 84) 1 (33 88) 1 (33 90) 1 (33 91) 1 (33 94) 1 (33 109) 1 (33 114) 1 (33 118) 1 (33 119) 1 (33 120) 1 (33 121) 1 (33 124) 1 (33 129) 1 (33 131) 1 (33 141) 1 (33 142) 1 (33 144) 1 (33 152) 1 (33 158) 1 (33 159) 1 
(34 1) 1 (34 22) 1 (34 23) 1 (34 25) 1 (34 38) 1 (34 51) 1 (34 52) 1 (34 69) 1 (34 72) 1 (34 75) 1 (34 79) 1 (34 93) 1 (34 98) 1 (34 99) 1 (34 102) 1 (34 103) 1 (34 108) 1 (34 110) 1 (34 115) 1 (34 116) 1 (34 127) 1 (34 128) 1 (34 139) 1 (34 153) 1 
(35 5) 1 (35 7) 1 (35 9) 1 (35 12) 1 (35 14) 1 (35 16) 1 (35 19) 1 (35 29) 1 (35 37) 1 (35 39) 1 (35 44) 1 (35 46) 1 (35 50) 1 (35 55) 1 (35 56) 1 (35 57) 1 (35 61) 1 (35 66) 1 (35 71) 1 (35 80) 1 (35 82) 1 (35 83) 1 (35 86) 1 (35 87) 1 (35 92) 1 (35 95) 1 (35 96) 1 (35 107) 1 (35 111) 1 (35 117) 1 (35 122) 1 (35 125) 1 (35 126) 1 (35 132) 1 (35 134) 1 (35 135) 1 (35 136) 1 (35 137) 1 (35 140) 1 (35 143) 1 (35 145) 1 (35 146) 1 (35 147) 1 (35 148) 1 (35 151) 1 (35 154) 1 (35 155) 1 (35 156) 1 (35 161) 1 (35 162) 1 
(36 24) 1 (36 47) 1 (36 49) 1 (36 62) 1 (36 64) 1 (36 89) 1 (36 97) 1 (36 100) 1 (36 101) 1 (36 104) 1 (36 105) 1 (36 106) 1 (36 112) 1 (36 113) 1 (36 123) 1 (36 130) 1 (36 133) 1 (36 138) 1 (36 149) 1 (36 150) 1 (36 157) 1 (36 160) 1 
(37 42) 1 (37 67) 1 (37 164) 1 
(38 27) 1 (38 30) 1 (38 32) 1 (38 33) 1 (38 77) 1 (38 163) 1 
(39 1) 1 (39 21) 1 (39 22) 1 (39 24) 1 (39 25) 1 (39 38) 1 (39 47) 1 (39 51) 1 (39 62) 1 (39 69) 1 (39 72) 1 (39 75) 1 (39 97) 1 (39 98) 1 (39 100) 1 (39 102) 1 (39 104) 1 (39 108) 1 (39 112) 1 (39 115) 1 (39 123) 1 (39 127) 1 (39 130) 1 (39 149) 1 (39 157) 1 
(40 2) 1 (40 3) 1 (40 4) 1 (40 6) 1 (40 8) 1 (40 10) 1 (40 11) 1 (40 13) 1 (40 15) 1 (40 17) 1 (40 18) 1 (40 20) 1 (40 28) 1 (40 31) 1 (40 34) 1 (40 35) 1 (40 36) 1 (40 40) 1 (40 41) 1 (40 43) 1 (40 45) 1 (40 48) 1 (40 53) 1 (40 54) 1 (40 58) 1 (40 59) 1 (40 60) 1 (40 63) 1 (40 65) 1 (40 68) 1 (40 70) 1 (40 73) 1 (40 74) 1 (40 76) 1 (40 78) 1 (40 81) 1 (40 84) 1 (40 88) 1 (40 90) 1 (40 91) 1 (40 94) 1 (40 109) 1 (40 114) 1 (40 118) 1 (40 119) 1 (40 120) 1 (40 121) 1 (40 124) 1 (40 129) 1 (40 131) 1 (40 141) 1 (40 142) 1 (40 144) 1 (40 152) 1 (40 158) 1 (40 159) 1 
(41 23) 1 (41 26) 1 (41 49) 1 (41 52) 1 (41 64) 1 (41 79) 1 (41 85) 1 (41 89) 1 (41 93) 1 (41 99) 1 (41 101) 1 (41 103) 1 (41 105) 1 (41 106) 1 (41 110) 1 (41 113) 1 (41 116) 1 (41 128) 1 (41 133) 1 (41 138) 1 (41 139) 1 (41 150) 1 (41 153) 1 (41 160) 1 
(42 5) 1 (42 7) 1 (42 9) 1 (42 12) 1 (42 14) 1 (42 16) 1 (42 19) 1 (42 29) 1 (42 37) 1 (42 39) 1 (42 44) 1 (42 46) 1 (42 50) 1 (42 55) 1 (42 56) 1 (42 57) 1 (42 61) 1 (42 66) 1 (42 71) 1 (42 80) 1 (42 82) 1 (42 83) 1 (42 86) 1 (42 87) 1 (42 92) 1 (42 95) 1 (42 96) 1 (42 107) 1 (42 111) 1 (42 117) 1 (42 122) 1 (42 125) 1 (42 126) 1 (42 132) 1 (42 134) 1 (42 135) 1 (42 136) 1 (42 137) 1 (42 140) 1 (42 143) 1 (42 145) 1 (42 146) 1 (42 147) 1 (42 148) 1 (42 151) 1 (42 154) 1 (42 155) 1 (42 156) 1 (42 161) 1 (42 162) 1 
(43 27) 1 (43 30) 1 (43 163) 1 
(44 42) 1 (44 67) 1 (44 164) 1 
(45 2) 1 (45 3) 1 (45 4) 1 (45 7) 1 (45 9) 1 (45 10) 1 (45 11) 1 (45 14) 1 (45 16) 1 (45 17) 1 (45 19) 1 (45 20) 1 (45 29) 1 (45 31) 1 (45 32) 1 (45 34) 1 (45 35) 1 (45 37) 1 (45 40) 1 (45 41) 1 (45 43) 1 (45 46) 1 (45 50) 1 (45 55) 1 (45 56) 1 (45 58) 1 (45 59) 1 (45 61) 1 (45 63) 1 (45 66) 1 (45 68) 1 (45 71) 1 (45 73) 1 (45 74) 1 (45 76) 1 (45 78) 1 (45 81) 1 (45 86) 1 (45 92) 1 (45 94) 1 (45 95) 1 (45 107) 1 (45 111) 1 (45 114) 1 (45 118) 1 (45 119) 1 (45 120) 1 (45 121) 1 (45 125) 1 (45 132) 1 (45 134) 1 (45 143) 1 (45 145) 1 (45 146) 1 (45 154) 1 (45 158) 1 (45 161) 1 
(46 1) 1 (46 21) 1 (46 22) 1 (46 24) 1 (46 25) 1 (46 38) 1 (46 47) 1 (46 51) 1 (46 62) 1 (46 69) 1 (46 72) 1 (46 75) 1 (46 97) 1 (46 98) 1 (46 100) 1 (46 102) 1 (46 104) 1 (46 108) 1 (46 112) 1 (46 115) 1 (46 123) 1 (46 127) 1 (46 130) 1 (46 149) 1 (46 157) 1 
(47 5) 1 (47 6) 1 (47 8) 1 (47 12) 1 (47 13) 1 (47 15) 1 (47 18) 1 (47 28) 1 (47 33) 1 (47 36) 1 (47 39) 1 (47 44) 1 (47 45) 1 (47 48) 1 (47 53) 1 (47 54) 1 (47 57) 1 (47 60) 1 (47 65) 1 (47 70) 1 (47 77) 1 (47 80) 1 (47 82) 1 (47 83) 1 (47 84) 1 (47 87) 1 (47 88) 1 (47 90) 1 (47 91) 1 (47 96) 1 (47 109) 1 (47 117) 1 (47 122) 1 (47 124) 1 (47 126) 1 (47 129) 1 (47 131) 1 (47 135) 1 (47 136) 1 (47 137) 1 (47 140) 1 (47 141) 1 (47 142) 1 (47 144) 1 (47 147) 1 (47 148) 1 (47 151) 1 (47 152) 1 (47 155) 1 (47 156) 1 (47 159) 1 (47 162) 1 
(48 23) 1 (48 26) 1 (48 49) 1 (48 52) 1 (48 64) 1 (48 79) 1 (48 85) 1 (48 89) 1 (48 93) 1 (48 99) 1 (48 101) 1 (48 103) 1 (48 105) 1 (48 106) 1 (48 110) 1 (48 113) 1 (48 116) 1 (48 128) 1 (48 133) 1 (48 138) 1 (48 139) 1 (48 150) 1 (48 153) 1 (48 160) 1 
(49 42) 1 
(50 27) 1 (50 30) 1 (50 163) 1 
(51 1) 1 (51 23) 1 (51 24) 1 (51 25) 1 (51 26) 1 (51 38) 1 (51 47) 1 (51 51) 1 (51 64) 1 (51 69) 1 (51 72) 1 (51 79) 1 (51 99) 1 (51 100) 1 (51 102) 1 (51 105) 1 (51 106) 1 (51 110) 1 (51 112) 1 (51 116) 1 (51 123) 1 (51 128) 1 (51 130) 1 (51 150) 1 (51 160) 1 (51 164) 1 
(52 2) 1 (52 3) 1 (52 4) 1 (52 7) 1 (52 9) 1 (52 10) 1 (52 11) 1 (52 14) 1 (52 16) 1 (52 17) 1 (52 19) 1 (52 20) 1 (52 29) 1 (52 31) 1 (52 32) 1 (52 34) 1 (52 35) 1 (52 37) 1 (52 40) 1 (52 41) 1 (52 43) 1 (52 46) 1 (52 50) 1 (52 55) 1 (52 56) 1 (52 58) 1 (52 59) 1 (52 61) 1 (52 63) 1 (52 66) 1 (52 68) 1 (52 71) 1 (52 73) 1 (52 74) 1 (52 76) 1 (52 78) 1 (52 81) 1 (52 86) 1 (52 92) 1 (52 94) 1 (52 95) 1 (52 107) 1 (52 111) 1 (52 114) 1 (52 118) 1 (52 119) 1 (52 120) 1 (52 121) 1 (52 125) 1 (52 132) 1 (52 134) 1 (52 143) 1 (52 145) 1 (52 146) 1 (52 154) 1 (52 158) 1 (52 161) 1 
(53 21) 1 (53 22) 1 (53 49) 1 (53 52) 1 (53 62) 1 (53 67) 1 (53 75) 1 (53 85) 1 (53 89) 1 (53 93) 1 (53 97) 1 (53 98) 1 (53 101) 1 (53 103) 1 (53 104) 1 (53 108) 1 (53 113) 1 (53 115) 1 (53 127) 1 (53 133) 1 (53 138) 1 (53 139) 1 (53 149) 1 (53 153) 1 (53 157) 1 
(54 5) 1 (54 6) 1 (54 8) 1 (54 12) 1 (54 13) 1 (54 15) 1 (54 18) 1 (54 28) 1 (54 33) 1 (54 36) 1 (54 39) 1 (54 44) 1 (54 45) 1 (54 48) 1 (54 53) 1 (54 54) 1 (54 57) 1 (54 60) 1 (54 65) 1 (54 70) 1 (54 77) 1 (54 80) 1 (54 82) 1 (54 83) 1 (54 84) 1 (54 87) 1 (54 88) 1 (54 90) 1 (54 91) 1 (54 96) 1 (54 109) 1 (54 117) 1 (54 122) 1 (54 124) 1 (54 126) 1 (54 129) 1 (54 131) 1 (54 135) 1 (54 136) 1 (54 137) 1 (54 140) 1 (54 141) 1 (54 142) 1 (54 144) 1 (54 147) 1 (54 148) 1 (54 151) 1 (54 152) 1 (54 155) 1 (54 156) 1 (54 159) 1 (54 162) 1 
(55 27) 1 
(56 42) 1 
(57 2) 1 (57 3) 1 (57 11) 1 (57 12) 1 (57 13) 1 (57 14) 1 (57 15) 1 (57 16) 1 (57 17) 1 (57 28) 1 (57 29) 1 (57 31) 1 (57 33) 1 (57 34) 1 (57 36) 1 (57 37) 1 (57 53) 1 (57 55) 1 (57 58) 1 (57 65) 1 (57 66) 1 (57 68) 1 (57 70) 1 (57 71) 1 (57 73) 1 (57 74) 1 (57 76) 1 (57 78) 1 (57 80) 1 (57 82) 1 (57 84) 1 (57 86) 1 (57 87) 1 (57 90) 1 (57 92) 1 (57 94) 1 (57 96) 1 (57 121) 1 (57 129) 1 (57 132) 1 (57 136) 1 (57 141) 1 (57 143) 1 (57 147) 1 (57 148) 1 (57 155) 1 (57 156) 1 (57 159) 1 (57 161) 1 (57 162) 1 (57 163) 1 
(58 1) 1 (58 23) 1 (58 24) 1 (58 25) 1 (58 26) 1 (58 38) 1 (58 47) 1 (58 51) 1 (58 64) 1 (58 69) 1 (58 72) 1 (58 79) 1 (58 99) 1 (58 100) 1 (58 102) 1 (58 105) 1 (58 106) 1 (58 110) 1 (58 112) 1 (58 116) 1 (58 123) 1 (58 128) 1 (58 130) 1 (58 150) 1 (58 160) 1 (58 164) 1 
(59 4) 1 (59 5) 1 (59 6) 1 (59 7) 1 (59 8) 1 (59 9) 1 (59 10) 1 (59 18) 1 (59 19) 1 (59 20) 1 (59 30) 1 (59 32) 1 (59 35) 1 (59 39) 1 (59 40) 1 (59 41) 1 (59 43) 1 (59 44) 1 (59 45) 1 (59 46) 1 (59 48) 1 (59 50) 1 (59 54) 1 (59 56) 1 (59 57) 1 (59 59) 1 (59 60) 1 (59 61) 1 (59 63) 1 (59 77) 1 (59 81) 1 (59 83) 1 (59 88) 1 (59 91) 1 (59 95) 1 (59 107) 1 (59 109) 1 (59 111) 1 (59 114) 1 (59 117) 1 (59 118) 1 (59 119) 1 (59 120) 1 (59 122) 1 (59 124) 1 (59 125) 1 (59 126) 1 (59 131) 1 (59 134) 1 (59 135) 1 (59 137) 1 (59 140) 1 (59 142) 1 (59 144) 1 (59 145) 1 (59 146) 1 (59 151) 1 (59 152) 1 (59 154) 1 (59 158) 1 
(60 21) 1 (60 22) 1 (60 49) 1 (60 52) 1 (60 62) 1 (60 67) 1 (60 75) 1 (60 85) 1 (60 89) 1 (60 93) 1 (60 97) 1 (60 98) 1 (60 101) 1 (60 103) 1 (60 104) 1 (60 108) 1 (60 113) 1 (60 115) 1 (60 127) 1 (60 133) 1 (60 138) 1 (60 139) 1 (60 149) 1 (60 153) 1 (60 157) 1 
]
